1 6.7218e-05
2 5.418e-06
3 3.227e-06
4 2.49999e-06
5 2.596e-06
6 2.65398e-06
7 2.36699e-06
8 2.68e-06
9 3.355e-06
10 3.18699e-06
11 2.73099e-06
12 3.16801e-06
13 4.26799e-06
14 2.76198e-06
15 2.844e-06
16 4.8214e-05
17 1.6765e-05
18 2.802e-06
19 3.769e-06
20 3.744e-06
21 2.38899e-06
22 2.288e-06
23 2.491e-06
24 4.02e-06
25 4.09698e-06
26 3.78399e-06
27 3.62002e-06
28 3.95998e-06
29 2.499e-06
30 2.388e-06
31 2.127e-06
32 2.124e-06
33 2.34001e-06
34 2.13299e-06
35 2.113e-06
36 2.38002e-06
37 2.52298e-06
38 3.81802e-06
39 3.85701e-06
40 3.42398e-06
41 2.23698e-06
42 2.48299e-06
43 3.63e-06
44 2.46702e-06
45 2.29501e-06
46 2.40101e-06
47 2.457e-06
48 2.418e-06
49 2.34702e-06
50 2.23398e-06
51 2.14999e-06
52 2.27999e-06
53 2.37901e-06
54 2.28701e-06
55 2.04501e-06
56 2.09198e-06
57 2.246e-06
58 3.908e-06
59 2.43701e-06
60 2.588e-06
61 2.293e-06
62 2.521e-06
63 2.62799e-06
64 2.204e-06
65 2.24999e-06
66 2.368e-06
67 2.835e-06
68 3.79002e-06
69 3.45e-06
70 3.81703e-06
71 2.329e-06
72 2.34001e-06
73 2.0983e-05
74 2.50299e-06
75 2.11102e-06
76 2.10499e-06
77 8.3518e-05
78 4.19802e-06
79 2.38101e-06
80 2.54597e-06
81 3.686e-06
82 2.36402e-06
83 2.16701e-06
84 2.26902e-06
85 2.38701e-06
86 4.75001e-06
87 3.639e-06
88 3.69299e-06
89 4.07899e-06
90 2.49301e-06
91 2.20397e-06
92 2.44699e-06
93 2.31099e-06
94 4.559e-06
95 9.63101e-06
96 3.91499e-06
97 3.88999e-06
98 2.75599e-06
99 2.61699e-06
100 2.36701e-06
